    1  91 117 163
    2 158 224 229
    3 119 201 234
    4 242 168 163
    5 237 124 117
    6 232  81  71
    7 181  30  20
    9 255 255 255
   10 255 255 255
   11 255 255 255
   12 243 243 219
   13 255 255 255
   14 255 255 255
   15 255 255 255
   16 255 255 255
   17 255 255 224
   18 255 255   0
   19 255 255 255
   20 255 255 255
   21 243 243 219
   22 243 243 219
   24 243 243 219
   25 243 243 219
   26 243 243 219
   28 243 243 219
   29 243 243 219
   30 243 243 219
   32 243 243 219
   33 243 243 219
   35 255 255 255
   36 255 255 255
   37 242 173  99
   38 209 178 140
   39 165 168  84
   40  76 175 142
   42 137 186  15
   43 163 198  63
   44 209 178 140
   45 209 178 140
   46 209 178 140
   47 209 178 140
   48 209 178 140
   49 209 178 140
   50 209 178 140
   51 209 178 140
   52  71 175  89
   53 150 181  68
   54  51 168 140
   55  43 153 117
   56 140 170  71
   57 211 158  43
   60  96 147 104
   61   0 255   0
   62 119 168  73
   63 112 135 119
   66 119 168  73
   68 119 168  73
   69 119 168  73
   70 255 165   0
   71   0  99   0
   72 165 158  40
   73 165 158  40
   74 165 158  40
   75 140 243 131
   76  51 201 145
   77 224 188  22
   79 165 158  40
   80 165 201  40
   82  96 201  51
   83 135  38 109
   84 165 158  40
   85 209 178 140
   86  30 112  35
   87 140 186 109
   88 221  96  32
   90 165 178 127
   91 140 193  40
   92 181 198  56
   93  89 191  51
   94 140 186 109
   95 140 193  40
   96  96 201  51
   97  96 201  51
   98  96 201  51
   99 211 204  43
  100 140 186 109
  101 140 186 109
  102 140 186 109
  103 140 186 109
  104  60 155 121
  105  89 193  52
  106 140 186 109
  107 140 186 109
  108  96 147 104
  109 211 204  43
  113 211 204  43
  116 165 170 119
  117 165 170 119
  118 165 170 119
  119 165 170 119
  123 216 229  20
  124  43 153 117
  125 224 209 158
  126   0 255   0
  127 183 209  44
  130 242 173  99
  132 209 211 186
  134 209 211 186
  135 209 211 186
  136 209 211 186
  141 255 255 224
  142 255 255 224
  143 209 178 140
  144 209 178 140
  145 206 163  44
  146 239 219 117
  147 209 178 140
  148 193 193 165
  149 234 229 175
  151  86 165 183
  152  86 165 183
  153  86 165 183
  154  86 165 183
  155  86 165 183
  156  86 165 183
  157  30  94  96
  158  30  94  96
  159  30  94  96
  160  30  94  96
  161  30  94  96
  162  30  94  96
  163  30  94  96
  164  30  94  96
  165  30  94  96
  166  30  94  96
  167  79  76 175
  168 150 147 209
  170 237 130 237
  172 181 127 186
  173  40 181 224
  174  84 170 175
  175 107 198 168
  176   0 255 255
  179  94 155 124
  180  63 224 209
  182 191  38 183
  183 107 165  84
  184  96 201  51
  185  96 201  51
  186  51 201 145
  187 121 226 168
  188 193 255 191
  189 104 127 102
  190 242 150 140
  191  51 178 173
  192 216 153 242
  193  91 117 163
  194 158 224 229
  195 119 201 234
  199 181  30  20
  203 255 255 255
  204 243 243 219
  205 255 255 255
  206 255 255 255
  207 255   0 255
  213 243 243 219
  214 243 243 219
  215 243 243 219
  216 243 243 219
  217 243 243 219
  218 243 243 219
  219 216 153 242
  221 243 243 219
  223 181 127 186
  225 243 243 219
  227  86 195 191
  228 193 170 191
  229 242 173  99
  231 193 163  89
  233 175 186  68
  234 137 186  15
  238 209 178 140
  240 209 178 140
  245 175 130  68
  246 175 130  68
  247 175 130  68
  248 140 170  71
  249 211 158  43
  250 216 153 242
  251  94 191 168
  253 137 170  84
  end
